1.0374
1.1768
1.2353
1.1846
1.1887
1.1642
1.1649
1.1673
1.1493
1.1528
1.1243
1.1089
1.1085
1.1163
1.1296
1.1038
1.0950
1.0856
1.0770
1.0767
1.0732
1.0657
1.0524
1.0525
1.0474
1.0464
1.0393
1.0437
1.0356
1.0389
1.0355
1.0374
1.0397
1.0429
1.0457
1.0485
1.0476
1.0441
1.0478
1.0463
1.0495
1.0460
1.0372
1.0396
1.0412
1.0366
1.0337
1.0309
1.0326
1.0298
1.0285
1.0260
1.0234
1.0199
1.0207
1.0212
1.0174
1.0136
1.0100
1.0119
1.0106
1.0122
1.0102
1.0133
1.0160
1.0155
1.0139
1.0141
1.0142
1.0130
1.0109
1.0112
1.0081
1.0076
1.0084
1.0092
1.0067
1.0066
1.0039
1.0036
1.0047
1.0059
1.0046
1.0038
1.0041
1.0040
1.0012
1.0005
1.0012
1.0004
0.9990
1.0039
1.0023
1.0034
1.0011
0.9997
0.9996
0.9983
0.9958
0.9960
0.9951
0.9942
0.9929
0.9929
0.9929
0.9905
0.9889
0.9875
0.9861
0.9871
0.9872
0.9879
0.9869
0.9866
0.9873
0.9881
0.9872
0.9879
0.9872
0.9863
0.9862
0.9858
0.9863
0.9846
0.9830
0.9853
0.9880
0.9886
0.9904
0.9905
0.9927
0.9918
0.9909
0.9902
0.9895
0.9914
0.9895
0.9885
0.9883
0.9898
0.9903
0.9902
0.9919
0.9899
0.9902
0.9903
0.9902
0.9907
0.9905
0.9911
0.9904
0.9898
0.9910
0.9909
0.9896
0.9895
0.9902
0.9911
0.9913
0.9921
0.9931
0.9944
0.9948
0.9949
0.9934
0.9925
0.9922
0.9906
0.9891
0.9884
0.9865
0.9865
0.9874
0.9871
0.9864
0.9858
0.9861
0.9861
0.9850
0.9850
0.9849
0.9847
0.9842
0.9852
0.9869
0.9870
0.9868
0.9859
0.9862
0.9850
0.9840
0.9847
0.9841
0.9835
0.9830
0.9831
0.9824
0.9823
0.9828
0.9823
0.9813
0.9807
0.9804
0.9815
0.9819
0.9814
0.9811
0.9812
0.9801
0.9800
0.9797
0.9795
0.9784
0.9774
0.9764
0.9762
0.9772
0.9780
0.9780
0.9775
0.9773
0.9766
0.9771
0.9767
0.9773
0.9784
0.9787
0.9791
0.9797
0.9791
0.9784
0.9782
0.9767
0.9767
0.9777
0.9779
0.9777
0.9770
0.9772
0.9768
0.9768
0.9764
0.9758
0.9750
0.9747
0.9743
0.9732
0.9723
0.9729
0.9723
0.9720
0.9709
0.9709
0.9710
0.9708
0.9701
0.9693
0.9700
0.9701
0.9702
0.9697
0.9687
0.9686
0.9687
0.9694
0.9700
0.9691
0.9693
0.9687
0.9680
0.9671
0.9663
0.9659
0.9661
0.9656
0.9657
0.9654
0.9649
0.9644
0.9650
0.9645
0.9644
0.9642
0.9641
0.9636
0.9634
0.9632
0.9627
0.9626
0.9620
0.9616
0.9613
0.9609
0.9607
0.9597
0.9598
0.9596
0.9591
0.9592
0.9599
0.9592
0.9592
0.9595
0.9594
0.9592
0.9582
0.9581
0.9580
0.9586
0.9581
0.9576
0.9576
0.9573
0.9572
0.9574
0.9567
0.9570
0.9573
0.9569
0.9576
0.9573
0.9564
0.9572
0.9567
0.9570
0.9577
0.9582
0.9579
0.9579
0.9580
0.9578
0.9577
0.9574
0.9570
0.9566
0.9571
0.9571
0.9568
0.9571
0.9566
0.9571
0.9569
0.9568
0.9569
0.9569
0.9566
0.9568
0.9566
0.9561
0.9559
0.9554
0.9555
0.9549
0.9549
0.9540
0.9547
0.9550
0.9545
0.9550
0.9550
0.9550
0.9554
0.9549
0.9543
0.9545
0.9538
0.9536
0.9531
0.9532
0.9526
0.9528
0.9527
0.9525
0.9523
0.9524
0.9523
0.9522
0.9526
0.9529
0.9530
0.9520
0.9522
0.9512
0.9514
0.9507
0.9507
0.9504
0.9505
0.9504
0.9503
0.9496
0.9485
0.9480
0.9482
0.9486
0.9490
0.9492
0.9493
0.9494
0.9488
0.9482
0.9484
0.9484
0.9483
0.9483
0.9482
0.9478
0.9474
0.9472
0.9460
0.9458
0.9456
0.9455
0.9458
0.9455
0.9454
0.9452
0.9453
0.9453
0.9449
0.9452
0.9449
0.9445
0.9441
0.9435
0.9435
0.9435
0.9430
0.9431
0.9429
0.9426
0.9421
0.9422
0.9419
0.9414
0.9416
0.9419
0.9424
0.9425
0.9420
0.9418
0.9415
0.9415
0.9410
0.9409
0.9404
0.9406
0.9409
0.9405
0.9404
0.9402
0.9401
0.9402
0.9399
0.9400
0.9402
0.9406
0.9404
0.9401
0.9405
0.9402
0.9402
0.9403
0.9403
0.9401
0.9402
0.9402
0.9403
0.9407
0.9403
0.9396
0.9399
0.9400
0.9401
0.9402
0.9402
0.9405
0.9403
0.9401
0.9404
0.9405
0.9409
0.9404
0.9407
0.9408
0.9409
0.9409
0.9412
0.9408
0.9408
0.9404
0.9409
0.9409
0.9406
0.9407
0.9405
0.9407
0.9405
0.9405
0.9403
0.9402
0.9405
0.9405
0.9399
0.9399
0.9399
0.9399
0.9400
0.9401
0.9398
0.9396
0.9393
0.9391
0.9395
0.9393
0.9390
0.9391
0.9392
0.9390
0.9391
0.9391
0.9393
0.9392
0.9386
0.9385
0.9390
0.9387
0.9387
0.9385
0.9389
0.9389
0.9389
0.9391
0.9387
0.9387
0.9386
0.9388
0.9388
0.9389
0.9389
0.9387
0.9390
0.9388
0.9388
0.9387
0.9385
0.9382
0.9379
0.9379
0.9378
0.9377
0.9375
0.9375
0.9376
0.9373
0.9371
0.9371
0.9368
0.9373
0.9371
0.9372
0.9372
0.9371
0.9371
0.9369
0.9366
0.9368
0.9368
0.9362
0.9361
0.9359
0.9361
0.9359
0.9354
0.9357
0.9353
0.9355
0.9352
0.9352
0.9351
0.9350
0.9354
0.9356
0.9355
0.9353
0.9353
0.9354
0.9352
0.9350
0.9353
0.9353
0.9352
0.9349
0.9347
0.9343
0.9342
0.9338
0.9337
0.9336
0.9330
0.9328
0.9329
0.9327
0.9323
0.9320
0.9314
0.9309
0.9309
0.9309
0.9306
0.9304
0.9308
0.9306
0.9306
0.9304
0.9303
0.9303
0.9300
0.9295
0.9295
0.9295
0.9292
0.9291
0.9291
0.9292
0.9297
0.9299
0.9302
0.9301
0.9300
0.9297
0.9294
0.9292
0.9293
0.9293
0.9295
0.9298
0.9297
0.9294
0.9295
0.9298
0.9297
0.9294
0.9292
0.9292
0.9292
0.9292
0.9289
0.9290
0.9289
0.9286
0.9288
0.9285
0.9287
0.9287
0.9284
0.9282
0.9283
0.9282
0.9277
0.9280
0.9279
0.9277
0.9279
0.9279
0.9279
0.9283
0.9280
0.9278
0.9276
0.9275
0.9274
0.9274
0.9273
0.9269
0.9272
0.9275
0.9275
0.9275
0.9273
0.9273
0.9270
0.9266
0.9262
0.9259
0.9259
0.9256
0.9254
0.9257
0.9254
0.9256
0.9255
0.9253
0.9252
0.9253
0.9254
0.9254
0.9250
0.9249
0.9246
0.9247
0.9247
0.9249
0.9249
0.9247
0.9249
0.9250
0.9251
0.9253
0.9254
0.9253
0.9253
0.9254
0.9250
0.9249
0.9250
0.9252
0.9252
0.9250
0.9247
0.9250
0.9249
0.9245
0.9243
0.9240
0.9239
0.9235
0.9232
0.9235
0.9233
0.9233
0.9232
0.9232
0.9230
0.9231
0.9232
0.9235
0.9237
0.9231
0.9228
0.9229
0.9227
0.9227
0.9229
0.9230
0.9230
0.9232
0.9231
0.9233
0.9233
0.9231
0.9230
0.9229
0.9227
0.9228
0.9226
0.9224
0.9223
0.9221
0.9222
0.9227
0.9226
0.9224
0.9221
0.9222
0.9219
0.9219
0.9216
0.9214
0.9216
0.9218
0.9215
0.9220
0.9220
0.9218
0.9217
0.9215
0.9214
0.9213
0.9212
0.9208
0.9206
0.9206
0.9207
0.9207
0.9209
0.9212
0.9210
0.9211
0.9211
0.9214
0.9215
0.9214
0.9213
0.9211
0.9210
0.9210
0.9211
0.9210
0.9211
0.9211
0.9209
0.9210
0.9210
0.9209
0.9209
0.9208
0.9207
0.9205
0.9203
0.9200
0.9196
0.9196
0.9197
0.9196
0.9197
0.9197
0.9194
0.9191
0.9192
0.9191
0.9190
0.9190
0.9188
0.9187
0.9185
0.9184
0.9183
0.9180
0.9177
0.9179
0.9181
0.9180
0.9177
0.9176
0.9176
0.9178
0.9175
0.9177
0.9177
0.9174
0.9172
0.9172
0.9172
0.9173
0.9173
0.9169
0.9168
0.9166
0.9166
0.9168
0.9169
0.9168
0.9168
0.9167
0.9165
0.9163
0.9163
0.9161
0.9159
0.9159
0.9156
0.9156
0.9158
0.9157
0.9156
0.9156
0.9156
0.9154
0.9155
0.9153
0.9154
0.9156
0.9155
0.9156
0.9157
0.9155
0.9154
0.9153
0.9154
0.9155
0.9155
0.9155
0.9155
0.9156
0.9155
0.9156
0.9157
0.9159
0.9156
0.9158
0.9157
0.9156
0.9157
0.9155
0.9154
0.9155
0.9153
0.9151
0.9151
0.9152
0.9150
0.9150
0.9151
0.9150
0.9150
0.9148
0.9149
0.9149
0.9149
0.9150
0.9148
0.9147
0.9144
0.9144
0.9142
0.9141
0.9139
0.9138
0.9136
0.9135
0.9138
0.9136
0.9138
0.9137
0.9138
0.9137
0.9136
0.9134
0.9133
0.9130
0.9131
0.9129
0.9128
0.9127
0.9127
0.9126
0.9128
0.9126
0.9127
0.9128
0.9129
0.9128
0.9131
0.9128
0.9127
0.9127
0.9125
0.9125
0.9122
0.9122
0.9121
0.9120
0.9120
0.9119
0.9119
0.9117
0.9116
0.9115
0.9114
0.9112
0.9110
0.9111
0.9112
0.9112
0.9113
0.9111
0.9109
0.9109
0.9108
0.9106
0.9108
0.9107
0.9106
0.9105
0.9105
0.9103
0.9102
0.9101
0.9101
0.9099
0.9100
0.9099
0.9099
0.9098
0.9096
0.9096
0.9094
0.9097
0.9095
0.9096
0.9096
0.9095
0.9093
0.9093
0.9091
0.9091
0.9090
0.9088
0.9090
0.9089
0.9089
0.9090
0.9090
0.9092
0.9091
0.9088
0.9086
0.9086
0.9085
0.9085
0.9083
0.9080
0.9080
0.9078
0.9078
0.9079
0.9077
0.9077
0.9074
0.9074
0.9072
0.9071
0.9069
0.9070
0.9067
0.9066
0.9066
0.9065
0.9065
0.9063
0.9062
0.9060
0.9058
0.9060
0.9059
0.9057
0.9057
0.9055
0.9054
0.9053
0.9051
0.9048
0.9047
0.9044
0.9042
0.9040
0.9041
0.9039
0.9042
0.9043
0.9042
0.9043
0.9044
0.9044
0.9044
0.9043
0.9043
0.9041
0.9038
0.9040
0.9040
0.9038
0.9039
0.9040
0.9041
0.9043
0.9041
0.9040
0.9041
0.9041
0.9040
0.9038
0.9037
0.9037
0.9036
0.9036
0.9037
0.9038
0.9039
0.9039
0.9039
0.9039
0.9039
0.9041
0.9041
0.9040
0.9037
0.9038
0.9038
0.9037
0.9035
0.9034
0.9035
0.9034
0.9033
0.9032
0.9034
0.9033
0.9035
0.9034
0.9035
0.9033
0.9033
0.9033
0.9032
0.9034
0.9032
0.9030
0.9031
0.9031
0.9032
0.9032
0.9032
0.9032
0.9033
0.9033
0.9032
0.9032
0.9032
0.9031
0.9031
0.9031
0.9029
0.9030
0.9031
0.9029
0.9028
0.9027
0.9028
0.9028
0.9028
0.9029
0.9030
0.9029
0.9027
0.9026
0.9025
0.9024
0.9027
0.9026
0.9026
0.9024
0.9022
0.9020
0.9021
0.9021
0.9020
0.9019
0.9019
0.9019
0.9018
0.9017
0.9017
0.9016
0.9016
0.9018
0.9016
0.9016
0.9016
0.9016
0.9017
0.9018
0.9018
0.9017
0.9014
0.9015
0.9014
0.9014
0.9014
0.9013
0.9014
0.9014
0.9014
0.9014
0.9013
0.9012
0.9012
0.9011
0.9010
0.9010
0.9010
0.9009
0.9011
0.9011
0.9011
0.9011
0.9010
0.9009
0.9007
0.9007
0.9008
0.9007
0.9007
0.9005
0.9005
0.9005
0.9004
0.9005
0.9005
0.9005
0.9004
0.9002
0.9001
0.9002
0.9000
0.9000
0.9000
0.8999
0.9000
0.8999
0.8994
0.8993
0.8993
0.8992
0.8992
0.8990
0.8989
0.8988
0.8987
0.8987
0.8987
0.8985
0.8984
0.8984
0.8983
0.8982
0.8980
0.8982
0.8981
0.8980
0.8978
0.8979
0.8979
0.8978
0.8979
0.8978
0.8980
0.8981
0.8981
0.8981
0.8982
0.8983
0.8983
0.8984
0.8982
0.8982
0.8981
0.8981
0.8980
0.8981
0.8980
0.8979
0.8979
0.8979
0.8980
0.8980
0.8980
0.8980
0.8980
0.8978
0.8978
0.8976
0.8975
0.8973
0.8972
0.8973
0.8971
0.8972
0.8971
0.8971
0.8973
0.8972
0.8969
0.8969
0.8967
0.8968
0.8968
0.8966
0.8968
0.8967
0.8966
0.8964
0.8964
0.8964
0.8964
0.8964
0.8963
0.8963
0.8962
0.8962
0.8961
0.8960
0.8959
0.8958
0.8957
0.8956
0.8957
0.8955
0.8955
0.8955
0.8955
0.8955
0.8952
0.8951
0.8952
0.8952
0.8953
0.8951
0.8949
0.8947
0.8947
0.8946
0.8945
0.8942
0.8942
0.8941
0.8941
0.8940
0.8939
0.8939
0.8939
0.8939
0.8938
0.8938
0.8937
0.8936
0.8936
0.8936
0.8935
0.8933
0.8933
0.8933
0.8934
0.8932
0.8930
0.8930
0.8929
0.8928
0.8927
0.8928
0.8927
0.8925
0.8926
0.8927
0.8927
0.8924
0.8924
0.8924
0.8923
0.8922
0.8923
0.8922
0.8923
0.8924
0.8924
0.8923
0.8924
0.8923
0.8923
0.8922
0.8921
0.8920
0.8918
0.8918
0.8918
0.8917
0.8917
0.8918
0.8918
0.8918
0.8918
0.8917
0.8918
0.8918
0.8921
0.8920
0.8919
0.8917
0.8916
0.8916
0.8915
0.8915
0.8915
0.8917
0.8918
0.8919
0.8919
0.8918
0.8919
0.8920
0.8919
0.8919
0.8920
0.8920
0.8919
0.8920
0.8920
0.8921
0.8920
0.8920
0.8920
0.8920
0.8919
0.8918
0.8918
0.8919
0.8919
0.8920
0.8920
0.8919
0.8921
0.8920
0.8922
0.8921
0.8920
0.8919
0.8918
0.8917
0.8916
0.8916
0.8917
0.8917
0.8916
0.8915
0.8914
0.8916
0.8915
0.8915
0.8915
0.8913
0.8912
0.8911
0.8910
0.8911
0.8911
0.8908
0.8908
0.8910
0.8909
0.8910
0.8909
0.8909
0.8909
0.8908
0.8908
0.8909
0.8908
0.8909
0.8909
0.8907
0.8906
0.8905
0.8905
0.8904
0.8904
0.8904
0.8904
0.8904
0.8903
0.8901
0.8900
0.8899
0.8900
0.8898
0.8898
0.8896
0.8895
0.8893
0.8894
0.8894
0.8895
0.8894
0.8894
0.8894
0.8894
0.8892
0.8892
0.8891
0.8890
0.8888
0.8889
0.8889
0.8888
0.8889
0.8888
0.8887
0.8886
0.8886
0.8885
0.8886
0.8885
0.8885
0.8885
0.8885
0.8885
0.8884
0.8884
0.8884
0.8883
0.8882
0.8883
0.8884
0.8882
0.8882
0.8881
0.8880
0.8881
0.8880
0.8880
0.8880
0.8878
0.8878
0.8879
0.8881
