395.3271754980087
266.3516092002392
314.53202575445175
250.51451627910137
319.81331649422646
252.90875133872032
260.22863407433033
247.58368557691574
245.40761160850525
233.85256904363632
219.59695839881897
222.05050393939018
209.14978057146072
249.1563150435686
204.46970865130424
255.55121049284935
191.09542544186115
191.79529032111168
193.97498551011086
179.01446521282196
148.8217379897833
156.07288852334023
138.1108446419239
183.7489662580192
116.45857813954353
116.11062452197075
153.17870493233204
87.80715147405863
89.11304441094398
96.89553049206734
85.25827318429947
76.8926989659667
91.30956456065178
72.32799167558551
86.64842528104782
77.39289155602455
66.84482494741678
62.38539528474212
87.25049635022879
69.79061279445887
58.328957259655
64.33369724452496
63.31648477166891
56.95146904885769
59.10878337919712
68.4677013643086
58.31134597212076
56.39798855409026
58.815457589924335
53.788927007466555
